solid OpenSCAD_Model
  facet normal 1 -0 0
    outer loop
      vertex 2.995 -2.995 -0.631988
      vertex 2.995 2.995 -1.5
      vertex 2.995 2.995 -0.631988
    endloop
  endfacet
  facet normal 1 0 0
    outer loop
      vertex 2.995 2.995 -1.5
      vertex 2.995 -2.995 -0.631988
      vertex 2.995 -2.995 -1.5
    endloop
  endfacet
  facet normal -0 0 1
    outer loop
      vertex -2.21902 2.21902 1.5
      vertex 2.21902 -2.21902 1.5
      vertex 2.21902 2.21902 1.5
    endloop
  endfacet
  facet normal 0 0 1
    outer loop
      vertex 2.21902 -2.21902 1.5
      vertex -2.21902 2.21902 1.5
      vertex -2.21902 -2.21902 1.5
    endloop
  endfacet
  facet normal 0 0 -1
    outer loop
      vertex -2.995 -2.995 -1.5
      vertex 2.995 2.995 -1.5
      vertex 2.995 -2.995 -1.5
    endloop
  endfacet
  facet normal -0 0 -1
    outer loop
      vertex 2.995 2.995 -1.5
      vertex -2.995 -2.995 -1.5
      vertex -2.995 2.995 -1.5
    endloop
  endfacet
  facet normal -1 0 0
    outer loop
      vertex -2.995 -2.995 -1.5
      vertex -2.995 2.995 -0.631988
      vertex -2.995 2.995 -1.5
    endloop
  endfacet
  facet normal -1 -0 0
    outer loop
      vertex -2.995 2.995 -0.631988
      vertex -2.995 -2.995 -1.5
      vertex -2.995 -2.995 -0.631988
    endloop
  endfacet
  facet normal 0 1 -0
    outer loop
      vertex 2.995 2.995 -1.5
      vertex -2.995 2.995 -0.631988
      vertex 2.995 2.995 -0.631988
    endloop
  endfacet
  facet normal 0 1 0
    outer loop
      vertex -2.995 2.995 -0.631988
      vertex 2.995 2.995 -1.5
      vertex -2.995 2.995 -1.5
    endloop
  endfacet
  facet normal 0 -1 0
    outer loop
      vertex -2.995 -2.995 -1.5
      vertex 2.995 -2.995 -0.631988
      vertex -2.995 -2.995 -0.631988
    endloop
  endfacet
  facet normal 0 -1 -0
    outer loop
      vertex 2.995 -2.995 -0.631988
      vertex -2.995 -2.995 -1.5
      vertex 2.995 -2.995 -1.5
    endloop
  endfacet
  facet normal 0.939693 -0 0.34202
    outer loop
      vertex 2.21902 -2.21902 1.5
      vertex 2.995 2.995 -0.631988
      vertex 2.21902 2.21902 1.5
    endloop
  endfacet
  facet normal 0.939693 0 0.34202
    outer loop
      vertex 2.995 2.995 -0.631988
      vertex 2.21902 -2.21902 1.5
      vertex 2.995 -2.995 -0.631988
    endloop
  endfacet
  facet normal 0 0.939693 0.34202
    outer loop
      vertex 2.995 2.995 -0.631988
      vertex -2.21902 2.21902 1.5
      vertex 2.21902 2.21902 1.5
    endloop
  endfacet
  facet normal 0 0.939693 0.34202
    outer loop
      vertex -2.21902 2.21902 1.5
      vertex 2.995 2.995 -0.631988
      vertex -2.995 2.995 -0.631988
    endloop
  endfacet
  facet normal -0.939693 0 0.34202
    outer loop
      vertex -2.995 2.995 -0.631988
      vertex -2.21902 -2.21902 1.5
      vertex -2.21902 2.21902 1.5
    endloop
  endfacet
  facet normal -0.939693 0 0.34202
    outer loop
      vertex -2.21902 -2.21902 1.5
      vertex -2.995 2.995 -0.631988
      vertex -2.995 -2.995 -0.631988
    endloop
  endfacet
  facet normal 0 -0.939693 0.34202
    outer loop
      vertex -2.995 -2.995 -0.631988
      vertex 2.21902 -2.21902 1.5
      vertex -2.21902 -2.21902 1.5
    endloop
  endfacet
  facet normal 0 -0.939693 0.34202
    outer loop
      vertex 2.21902 -2.21902 1.5
      vertex -2.995 -2.995 -0.631988
      vertex 2.995 -2.995 -0.631988
    endloop
  endfacet
endsolid OpenSCAD_Model
