solid OpenSCAD_Model
  facet normal -0.362785 -0.362785 0.858356
    outer loop
      vertex -1.25 -2.16506 2.1334
      vertex -0.647047 -1.12072 2.82963
      vertex -1.12072 -0.647047 2.82963
    endloop
  endfacet
  facet normal -0.362785 -0.362785 0.858356
    outer loop
      vertex -1.12072 -0.647047 2.82963
      vertex -2.16506 -1.25 2.1334
      vertex -1.25 -2.16506 2.1334
    endloop
  endfacet
  facet normal 0.495573 0.13279 0.858356
    outer loop
      vertex 1.12072 0.647047 2.82963
      vertex 2.24516 0.951067 2.1334
      vertex 2.16506 1.25 2.1334
    endloop
  endfacet
  facet normal 0.495573 0.132792 0.858356
    outer loop
      vertex 2.24516 0.951067 2.1334
      vertex 1.12072 0.647047 2.82963
      vertex 1.2941 0 2.82963
    endloop
  endfacet
  facet normal -0.495573 -0.132792 0.858356
    outer loop
      vertex -2.24516 -0.951067 2.1334
      vertex -1.12072 -0.647047 2.82963
      vertex -1.2941 0 2.82963
    endloop
  endfacet
  facet normal -0.495573 -0.13279 0.858356
    outer loop
      vertex -1.12072 -0.647047 2.82963
      vertex -2.24516 -0.951067 2.1334
      vertex -2.16506 -1.25 2.1334
    endloop
  endfacet
  facet normal 0.495574 0.13279 0.858355
    outer loop
      vertex 2.24516 0.951067 2.1334
      vertex 1.2941 0 2.82963
      vertex 2.5 0 2.1334
    endloop
  endfacet
  facet normal 0.13279 0.495573 0.858356
    outer loop
      vertex 0.951067 2.24516 2.1334
      vertex 0.647047 1.12072 2.82963
      vertex 1.25 2.16506 2.1334
    endloop
  endfacet
  facet normal 0.132792 0.495573 0.858356
    outer loop
      vertex 0.647047 1.12072 2.82963
      vertex 0.951067 2.24516 2.1334
      vertex 0 1.2941 2.82963
    endloop
  endfacet
  facet normal 0.13279 0.495574 0.858355
    outer loop
      vertex 0 2.5 2.1334
      vertex 0 1.2941 2.82963
      vertex 0.951067 2.24516 2.1334
    endloop
  endfacet
  facet normal -0.495574 -0.13279 0.858355
    outer loop
      vertex -1.2941 0 2.82963
      vertex -2.5 0 2.1334
      vertex -2.24516 -0.951067 2.1334
    endloop
  endfacet
  facet normal -0.132792 -0.495573 0.858356
    outer loop
      vertex -0.647047 -1.12072 2.82963
      vertex -0.951067 -2.24516 2.1334
      vertex 0 -1.2941 2.82963
    endloop
  endfacet
  facet normal -0.13279 -0.495573 0.858356
    outer loop
      vertex -0.951067 -2.24516 2.1334
      vertex -0.647047 -1.12072 2.82963
      vertex -1.25 -2.16506 2.1334
    endloop
  endfacet
  facet normal 0.13279 -0.495574 0.858355
    outer loop
      vertex 0 -1.2941 2.82963
      vertex 0 -2.5 2.1334
      vertex 0.951067 -2.24516 2.1334
    endloop
  endfacet
  facet normal -0.13279 -0.495574 0.858355
    outer loop
      vertex 0 -1.2941 2.82963
      vertex -0.951067 -2.24516 2.1334
      vertex 0 -2.5 2.1334
    endloop
  endfacet
  facet normal 0.362785 0.362785 0.858356
    outer loop
      vertex 1.12072 0.647047 2.82963
      vertex 2.16506 1.25 2.1334
      vertex 1.25 2.16506 2.1334
    endloop
  endfacet
  facet normal 0.362785 0.362785 0.858356
    outer loop
      vertex 1.25 2.16506 2.1334
      vertex 0.647047 1.12072 2.82963
      vertex 1.12072 0.647047 2.82963
    endloop
  endfacet
  facet normal -0.495574 0.13279 0.858355
    outer loop
      vertex -2.24516 0.951067 2.1334
      vertex -2.5 0 2.1334
      vertex -1.2941 0 2.82963
    endloop
  endfacet
  facet normal -0.495573 0.13279 0.858356
    outer loop
      vertex -2.24516 0.951067 2.1334
      vertex -1.12072 0.647047 2.82963
      vertex -2.16506 1.25 2.1334
    endloop
  endfacet
  facet normal -0.495573 0.132792 0.858356
    outer loop
      vertex -1.12072 0.647047 2.82963
      vertex -2.24516 0.951067 2.1334
      vertex -1.2941 0 2.82963
    endloop
  endfacet
  facet normal 0.362785 -0.362785 0.858356
    outer loop
      vertex 2.16506 -1.25 2.1334
      vertex 1.12072 -0.647047 2.82963
      vertex 1.25 -2.16506 2.1334
    endloop
  endfacet
  facet normal 0.362785 -0.362785 0.858356
    outer loop
      vertex 0.647047 -1.12072 2.82963
      vertex 1.25 -2.16506 2.1334
      vertex 1.12072 -0.647047 2.82963
    endloop
  endfacet
  facet normal 0.13279 -0.495573 0.858356
    outer loop
      vertex 0.647047 -1.12072 2.82963
      vertex 0.951067 -2.24516 2.1334
      vertex 1.25 -2.16506 2.1334
    endloop
  endfacet
  facet normal 0.132792 -0.495573 0.858356
    outer loop
      vertex 0.951067 -2.24516 2.1334
      vertex 0.647047 -1.12072 2.82963
      vertex 0 -1.2941 2.82963
    endloop
  endfacet
  facet normal 0.495574 -0.13279 0.858355
    outer loop
      vertex 2.5 0 2.1334
      vertex 1.2941 0 2.82963
      vertex 2.24516 -0.951067 2.1334
    endloop
  endfacet
  facet normal -0.132792 0.495573 0.858356
    outer loop
      vertex -0.951067 2.24516 2.1334
      vertex -0.647047 1.12072 2.82963
      vertex 0 1.2941 2.82963
    endloop
  endfacet
  facet normal -0.13279 0.495573 0.858356
    outer loop
      vertex -0.647047 1.12072 2.82963
      vertex -0.951067 2.24516 2.1334
      vertex -1.25 2.16506 2.1334
    endloop
  endfacet
  facet normal 0.495573 -0.132792 0.858356
    outer loop
      vertex 1.12072 -0.647047 2.82963
      vertex 2.24516 -0.951067 2.1334
      vertex 1.2941 0 2.82963
    endloop
  endfacet
  facet normal 0.495573 -0.13279 0.858356
    outer loop
      vertex 2.24516 -0.951067 2.1334
      vertex 1.12072 -0.647047 2.82963
      vertex 2.16506 -1.25 2.1334
    endloop
  endfacet
  facet normal -0.13279 0.495574 0.858355
    outer loop
      vertex 0 2.5 2.1334
      vertex -0.951067 2.24516 2.1334
      vertex 0 1.2941 2.82963
    endloop
  endfacet
  facet normal 0 0 1
    outer loop
      vertex 1.12072 0.647047 2.82963
      vertex 1.12072 -0.647047 2.82963
      vertex 1.2941 0 2.82963
    endloop
  endfacet
  facet normal 0 0 1
    outer loop
      vertex 0.647047 1.12072 2.82963
      vertex 1.12072 -0.647047 2.82963
      vertex 1.12072 0.647047 2.82963
    endloop
  endfacet
  facet normal 0 0 1
    outer loop
      vertex 0.647047 1.12072 2.82963
      vertex 0.647047 -1.12072 2.82963
      vertex 1.12072 -0.647047 2.82963
    endloop
  endfacet
  facet normal 0 0 1
    outer loop
      vertex 0 1.2941 2.82963
      vertex 0.647047 -1.12072 2.82963
      vertex 0.647047 1.12072 2.82963
    endloop
  endfacet
  facet normal 0 0 1
    outer loop
      vertex 0 1.2941 2.82963
      vertex 0 -1.2941 2.82963
      vertex 0.647047 -1.12072 2.82963
    endloop
  endfacet
  facet normal -0 0 1
    outer loop
      vertex -0.647047 1.12072 2.82963
      vertex 0 -1.2941 2.82963
      vertex 0 1.2941 2.82963
    endloop
  endfacet
  facet normal 0 0 1
    outer loop
      vertex -0.647047 1.12072 2.82963
      vertex -0.647047 -1.12072 2.82963
      vertex 0 -1.2941 2.82963
    endloop
  endfacet
  facet normal -0 0 1
    outer loop
      vertex -1.12072 0.647047 2.82963
      vertex -0.647047 -1.12072 2.82963
      vertex -0.647047 1.12072 2.82963
    endloop
  endfacet
  facet normal 0 0 1
    outer loop
      vertex -1.12072 0.647047 2.82963
      vertex -1.12072 -0.647047 2.82963
      vertex -0.647047 -1.12072 2.82963
    endloop
  endfacet
  facet normal 0 -0 1
    outer loop
      vertex -1.12072 -0.647047 2.82963
      vertex -1.12072 0.647047 2.82963
      vertex -1.2941 0 2.82963
    endloop
  endfacet
  facet normal -0.362785 0.362785 0.858356
    outer loop
      vertex -0.647047 1.12072 2.82963
      vertex -1.25 2.16506 2.1334
      vertex -1.12072 0.647047 2.82963
    endloop
  endfacet
  facet normal -0.362785 0.362785 0.858356
    outer loop
      vertex -2.16506 1.25 2.1334
      vertex -1.12072 0.647047 2.82963
      vertex -1.25 2.16506 2.1334
    endloop
  endfacet
  facet normal -0.965925 -0.258821 0
    outer loop
      vertex -2.5 0 0
      vertex -2.24516 -0.951067 2.1334
      vertex -2.5 0 2.1334
    endloop
  endfacet
  facet normal -0.965925 -0.258822 -1.37995e-07
    outer loop
      vertex -2.16506 -1.25 0
      vertex -2.24516 -0.951067 2.1334
      vertex -2.5 0 0
    endloop
  endfacet
  facet normal -0.965925 -0.258822 0
    outer loop
      vertex -2.24516 -0.951067 2.1334
      vertex -2.16506 -1.25 0
      vertex -2.16506 -1.25 2.1334
    endloop
  endfacet
  facet normal 0.707107 0.707107 0
    outer loop
      vertex 2.16506 1.25 2.1334
      vertex 1.25 2.16506 0
      vertex 1.25 2.16506 2.1334
    endloop
  endfacet
  facet normal 0.707107 0.707107 0
    outer loop
      vertex 1.25 2.16506 0
      vertex 2.16506 1.25 2.1334
      vertex 2.16506 1.25 0
    endloop
  endfacet
  facet normal 0.965925 0.258822 0
    outer loop
      vertex 2.24516 0.951067 2.1334
      vertex 2.16506 1.25 0
      vertex 2.16506 1.25 2.1334
    endloop
  endfacet
  facet normal 0.965925 0.258821 -0
    outer loop
      vertex 2.5 0 0
      vertex 2.24516 0.951067 2.1334
      vertex 2.5 0 2.1334
    endloop
  endfacet
  facet normal 0.965925 0.258822 -1.37995e-07
    outer loop
      vertex 2.24516 0.951067 2.1334
      vertex 2.5 0 0
      vertex 2.16506 1.25 0
    endloop
  endfacet
  facet normal 0.258822 0.965925 0
    outer loop
      vertex 1.25 2.16506 2.1334
      vertex 1.25 2.16506 0
      vertex 0.951067 2.24516 2.1334
    endloop
  endfacet
  facet normal 0.258822 0.965925 -1.37995e-07
    outer loop
      vertex 0 2.5 0
      vertex 0.951067 2.24516 2.1334
      vertex 1.25 2.16506 0
    endloop
  endfacet
  facet normal 0.258821 0.965925 0
    outer loop
      vertex 0.951067 2.24516 2.1334
      vertex 0 2.5 0
      vertex 0 2.5 2.1334
    endloop
  endfacet
  facet normal 0.258822 -0.965925 0
    outer loop
      vertex 1.25 -2.16506 0
      vertex 1.25 -2.16506 2.1334
      vertex 0.951067 -2.24516 2.1334
    endloop
  endfacet
  facet normal 0.258821 -0.965925 0
    outer loop
      vertex 0 -2.5 0
      vertex 0.951067 -2.24516 2.1334
      vertex 0 -2.5 2.1334
    endloop
  endfacet
  facet normal 0.258822 -0.965925 -1.37995e-07
    outer loop
      vertex 1.25 -2.16506 0
      vertex 0.951067 -2.24516 2.1334
      vertex 0 -2.5 0
    endloop
  endfacet
  facet normal 0.965925 -0.258821 0
    outer loop
      vertex 2.24516 -0.951067 2.1334
      vertex 2.5 0 0
      vertex 2.5 0 2.1334
    endloop
  endfacet
  facet normal 0.965925 -0.258822 0
    outer loop
      vertex 2.16506 -1.25 0
      vertex 2.24516 -0.951067 2.1334
      vertex 2.16506 -1.25 2.1334
    endloop
  endfacet
  facet normal 0.965925 -0.258822 -1.37995e-07
    outer loop
      vertex 2.24516 -0.951067 2.1334
      vertex 2.16506 -1.25 0
      vertex 2.5 0 0
    endloop
  endfacet
  facet normal -0.707107 0.707107 0
    outer loop
      vertex -2.16506 1.25 0
      vertex -1.25 2.16506 2.1334
      vertex -1.25 2.16506 0
    endloop
  endfacet
  facet normal -0.707107 0.707107 0
    outer loop
      vertex -1.25 2.16506 2.1334
      vertex -2.16506 1.25 0
      vertex -2.16506 1.25 2.1334
    endloop
  endfacet
  facet normal -0.258822 0.965925 0
    outer loop
      vertex -1.25 2.16506 0
      vertex -1.25 2.16506 2.1334
      vertex -0.951067 2.24516 2.1334
    endloop
  endfacet
  facet normal -0.258821 0.965925 0
    outer loop
      vertex 0 2.5 0
      vertex -0.951067 2.24516 2.1334
      vertex 0 2.5 2.1334
    endloop
  endfacet
  facet normal -0.258822 0.965925 -1.37995e-07
    outer loop
      vertex -1.25 2.16506 0
      vertex -0.951067 2.24516 2.1334
      vertex 0 2.5 0
    endloop
  endfacet
  facet normal -0.965925 0.258822 0
    outer loop
      vertex -2.16506 1.25 0
      vertex -2.24516 0.951067 2.1334
      vertex -2.16506 1.25 2.1334
    endloop
  endfacet
  facet normal -0.965925 0.258822 -1.37995e-07
    outer loop
      vertex -2.5 0 0
      vertex -2.24516 0.951067 2.1334
      vertex -2.16506 1.25 0
    endloop
  endfacet
  facet normal -0.965925 0.258821 0
    outer loop
      vertex -2.24516 0.951067 2.1334
      vertex -2.5 0 0
      vertex -2.5 0 2.1334
    endloop
  endfacet
  facet normal 0.707107 -0.707107 0
    outer loop
      vertex 1.25 -2.16506 2.1334
      vertex 2.16506 -1.25 0
      vertex 2.16506 -1.25 2.1334
    endloop
  endfacet
  facet normal 0.707107 -0.707107 0
    outer loop
      vertex 2.16506 -1.25 0
      vertex 1.25 -2.16506 2.1334
      vertex 1.25 -2.16506 0
    endloop
  endfacet
  facet normal -0.707107 -0.707107 0
    outer loop
      vertex -1.25 -2.16506 0
      vertex -2.16506 -1.25 2.1334
      vertex -2.16506 -1.25 0
    endloop
  endfacet
  facet normal -0.707107 -0.707107 0
    outer loop
      vertex -2.16506 -1.25 2.1334
      vertex -1.25 -2.16506 0
      vertex -1.25 -2.16506 2.1334
    endloop
  endfacet
  facet normal -0.258822 -0.965925 -0
    outer loop
      vertex -1.25 -2.16506 2.1334
      vertex -1.25 -2.16506 0
      vertex -0.951067 -2.24516 2.1334
    endloop
  endfacet
  facet normal -0.258822 -0.965925 -1.37995e-07
    outer loop
      vertex 0 -2.5 0
      vertex -0.951067 -2.24516 2.1334
      vertex -1.25 -2.16506 0
    endloop
  endfacet
  facet normal -0.258821 -0.965925 0
    outer loop
      vertex -0.951067 -2.24516 2.1334
      vertex 0 -2.5 0
      vertex 0 -2.5 2.1334
    endloop
  endfacet
  facet normal 0 0 -1
    outer loop
      vertex 2.16506 -1.25 0
      vertex 2.16506 1.25 0
      vertex 2.5 0 0
    endloop
  endfacet
  facet normal 0 0 -1
    outer loop
      vertex 1.25 -2.16506 0
      vertex 2.16506 1.25 0
      vertex 2.16506 -1.25 0
    endloop
  endfacet
  facet normal 0 0 -1
    outer loop
      vertex 1.25 -2.16506 0
      vertex 1.25 2.16506 0
      vertex 2.16506 1.25 0
    endloop
  endfacet
  facet normal 0 0 -1
    outer loop
      vertex 0 -2.5 0
      vertex 1.25 2.16506 0
      vertex 1.25 -2.16506 0
    endloop
  endfacet
  facet normal 0 0 -1
    outer loop
      vertex 0 -2.5 0
      vertex 0 2.5 0
      vertex 1.25 2.16506 0
    endloop
  endfacet
  facet normal 0 0 -1
    outer loop
      vertex -1.25 -2.16506 0
      vertex 0 2.5 0
      vertex 0 -2.5 0
    endloop
  endfacet
  facet normal 0 0 -1
    outer loop
      vertex -1.25 -2.16506 0
      vertex -1.25 2.16506 0
      vertex 0 2.5 0
    endloop
  endfacet
  facet normal 0 0 -1
    outer loop
      vertex -2.16506 -1.25 0
      vertex -1.25 2.16506 0
      vertex -1.25 -2.16506 0
    endloop
  endfacet
  facet normal 0 0 -1
    outer loop
      vertex -2.16506 -1.25 0
      vertex -2.16506 1.25 0
      vertex -1.25 2.16506 0
    endloop
  endfacet
  facet normal 0 -0 -1
    outer loop
      vertex -2.16506 1.25 0
      vertex -2.16506 -1.25 0
      vertex -2.5 0 0
    endloop
  endfacet
endsolid OpenSCAD_Model
