solid OpenSCAD_Model
  facet normal 1 0 0
    outer loop
      vertex 0.5 0.153073 0.369552
      vertex 0.5 0.369552 -0.153073
      vertex 0.5 0.369552 0.153073
    endloop
  endfacet
  facet normal 1 0 0
    outer loop
      vertex 0.5 0.153073 0.369552
      vertex 0.5 0.153073 -0.369552
      vertex 0.5 0.369552 -0.153073
    endloop
  endfacet
  facet normal 1 -0 0
    outer loop
      vertex 0.5 -0.153073 0.369552
      vertex 0.5 0.153073 -0.369552
      vertex 0.5 0.153073 0.369552
    endloop
  endfacet
  facet normal 1 0 0
    outer loop
      vertex 0.5 -0.153073 0.369552
      vertex 0.5 -0.153073 -0.369552
      vertex 0.5 0.153073 -0.369552
    endloop
  endfacet
  facet normal 1 -0 0
    outer loop
      vertex 0.5 -0.369552 0.153073
      vertex 0.5 -0.153073 -0.369552
      vertex 0.5 -0.153073 0.369552
    endloop
  endfacet
  facet normal 1 0 0
    outer loop
      vertex 0.5 -0.153073 -0.369552
      vertex 0.5 -0.369552 0.153073
      vertex 0.5 -0.369552 -0.153073
    endloop
  endfacet
  facet normal 0 -0.707107 0.707107
    outer loop
      vertex 0 -0.369552 0.153073
      vertex 0.5 -0.153073 0.369552
      vertex 0 -0.153073 0.369552
    endloop
  endfacet
  facet normal 0 -0.707107 0.707107
    outer loop
      vertex 0.5 -0.153073 0.369552
      vertex 0 -0.369552 0.153073
      vertex 0.5 -0.369552 0.153073
    endloop
  endfacet
  facet normal 0 0 -1
    outer loop
      vertex 0.5 -0.153073 -0.369552
      vertex 0.153073 0.153073 -0.369552
      vertex 0.5 0.153073 -0.369552
    endloop
  endfacet
  facet normal 0 0 -1
    outer loop
      vertex 0 -0.153073 -0.369552
      vertex 0.153073 0.153073 -0.369552
      vertex 0.5 -0.153073 -0.369552
    endloop
  endfacet
  facet normal 0 0 -1
    outer loop
      vertex -0.153073 0 -0.369552
      vertex 0.153073 0.153073 -0.369552
      vertex 0 -0.153073 -0.369552
    endloop
  endfacet
  facet normal 0 0 -1
    outer loop
      vertex -0.153073 0 -0.369552
      vertex 0 -0.153073 -0.369552
      vertex -0.108239 -0.108239 -0.369552
    endloop
  endfacet
  facet normal 0 0 -1
    outer loop
      vertex -0.153073 0.5 -0.369552
      vertex 0.153073 0.153073 -0.369552
      vertex -0.153073 0 -0.369552
    endloop
  endfacet
  facet normal 0 0 -1
    outer loop
      vertex 0.153073 0.153073 -0.369552
      vertex -0.153073 0.5 -0.369552
      vertex 0.153073 0.5 -0.369552
    endloop
  endfacet
  facet normal -0 0.707107 0.707107
    outer loop
      vertex 0.369552 0.369552 0.153073
      vertex 0.5 0.153073 0.369552
      vertex 0.5 0.369552 0.153073
    endloop
  endfacet
  facet normal 0 0.707107 0.707107
    outer loop
      vertex 0.5 0.153073 0.369552
      vertex 0.369552 0.369552 0.153073
      vertex 0.153073 0.153073 0.369552
    endloop
  endfacet
  facet normal 0 0.707107 -0.707107
    outer loop
      vertex 0.5 0.153073 -0.369552
      vertex 0.369552 0.369552 -0.153073
      vertex 0.5 0.369552 -0.153073
    endloop
  endfacet
  facet normal 0 0.707107 -0.707107
    outer loop
      vertex 0.369552 0.369552 -0.153073
      vertex 0.5 0.153073 -0.369552
      vertex 0.153073 0.153073 -0.369552
    endloop
  endfacet
  facet normal 0 1 -0
    outer loop
      vertex 0.5 0.369552 -0.153073
      vertex 0.369552 0.369552 0.153073
      vertex 0.5 0.369552 0.153073
    endloop
  endfacet
  facet normal 0 1 0
    outer loop
      vertex 0.369552 0.369552 0.153073
      vertex 0.5 0.369552 -0.153073
      vertex 0.369552 0.369552 -0.153073
    endloop
  endfacet
  facet normal -0 0 1
    outer loop
      vertex -0.153073 0.5 0.369552
      vertex 0.153073 0.153073 0.369552
      vertex 0.153073 0.5 0.369552
    endloop
  endfacet
  facet normal 0 0 1
    outer loop
      vertex 0.153073 0.153073 0.369552
      vertex -0.153073 0 0.369552
      vertex 0 -0.153073 0.369552
    endloop
  endfacet
  facet normal 0 0 1
    outer loop
      vertex 0.153073 0.153073 0.369552
      vertex -0.153073 0.5 0.369552
      vertex -0.153073 0 0.369552
    endloop
  endfacet
  facet normal 0 0 1
    outer loop
      vertex 0 -0.153073 0.369552
      vertex -0.153073 0 0.369552
      vertex -0.108239 -0.108239 0.369552
    endloop
  endfacet
  facet normal -0 0 1
    outer loop
      vertex 0.153073 0.153073 0.369552
      vertex 0.5 -0.153073 0.369552
      vertex 0.5 0.153073 0.369552
    endloop
  endfacet
  facet normal 0 0 1
    outer loop
      vertex 0.5 -0.153073 0.369552
      vertex 0.153073 0.153073 0.369552
      vertex 0 -0.153073 0.369552
    endloop
  endfacet
  facet normal 0 -1 0
    outer loop
      vertex 0 -0.369552 -0.153073
      vertex 0.5 -0.369552 0.153073
      vertex 0 -0.369552 0.153073
    endloop
  endfacet
  facet normal 0 -1 -0
    outer loop
      vertex 0.5 -0.369552 0.153073
      vertex 0 -0.369552 -0.153073
      vertex 0.5 -0.369552 -0.153073
    endloop
  endfacet
  facet normal 0 -0.707107 -0.707107
    outer loop
      vertex 0 -0.153073 -0.369552
      vertex 0.5 -0.369552 -0.153073
      vertex 0 -0.369552 -0.153073
    endloop
  endfacet
  facet normal 0 -0.707107 -0.707107
    outer loop
      vertex 0.5 -0.369552 -0.153073
      vertex 0 -0.153073 -0.369552
      vertex 0.5 -0.153073 -0.369552
    endloop
  endfacet
  facet normal 0.707107 0 0.707107
    outer loop
      vertex 0.153073 0.5 0.369552
      vertex 0.369552 0.369552 0.153073
      vertex 0.369552 0.5 0.153073
    endloop
  endfacet
  facet normal 0.707107 0 0.707107
    outer loop
      vertex 0.369552 0.369552 0.153073
      vertex 0.153073 0.5 0.369552
      vertex 0.153073 0.153073 0.369552
    endloop
  endfacet
  facet normal 0.707107 0 -0.707107
    outer loop
      vertex 0.369552 0.369552 -0.153073
      vertex 0.153073 0.5 -0.369552
      vertex 0.369552 0.5 -0.153073
    endloop
  endfacet
  facet normal 0.707107 0 -0.707107
    outer loop
      vertex 0.153073 0.5 -0.369552
      vertex 0.369552 0.369552 -0.153073
      vertex 0.153073 0.153073 -0.369552
    endloop
  endfacet
  facet normal -1 0 0
    outer loop
      vertex -0.369552 0 -0.153073
      vertex -0.369552 0.5 0.153073
      vertex -0.369552 0.5 -0.153073
    endloop
  endfacet
  facet normal -1 -0 0
    outer loop
      vertex -0.369552 0.5 0.153073
      vertex -0.369552 0 -0.153073
      vertex -0.369552 0 0.153073
    endloop
  endfacet
  facet normal -0.707107 0 -0.707107
    outer loop
      vertex -0.153073 0 -0.369552
      vertex -0.369552 0.5 -0.153073
      vertex -0.153073 0.5 -0.369552
    endloop
  endfacet
  facet normal -0.707107 -0 -0.707107
    outer loop
      vertex -0.369552 0.5 -0.153073
      vertex -0.153073 0 -0.369552
      vertex -0.369552 0 -0.153073
    endloop
  endfacet
  facet normal 1 -0 0
    outer loop
      vertex 0.369552 0.369552 0.153073
      vertex 0.369552 0.5 -0.153073
      vertex 0.369552 0.5 0.153073
    endloop
  endfacet
  facet normal 1 0 0
    outer loop
      vertex 0.369552 0.5 -0.153073
      vertex 0.369552 0.369552 0.153073
      vertex 0.369552 0.369552 -0.153073
    endloop
  endfacet
  facet normal -0.707107 0 0.707107
    outer loop
      vertex -0.369552 0 0.153073
      vertex -0.153073 0.5 0.369552
      vertex -0.369552 0.5 0.153073
    endloop
  endfacet
  facet normal -0.707107 0 0.707107
    outer loop
      vertex -0.153073 0.5 0.369552
      vertex -0.369552 0 0.153073
      vertex -0.153073 0 0.369552
    endloop
  endfacet
  facet normal 0 1 0
    outer loop
      vertex 0.369552 0.5 0.153073
      vertex -0.153073 0.5 0.369552
      vertex 0.153073 0.5 0.369552
    endloop
  endfacet
  facet normal 0 1 0
    outer loop
      vertex 0.369552 0.5 0.153073
      vertex -0.369552 0.5 0.153073
      vertex -0.153073 0.5 0.369552
    endloop
  endfacet
  facet normal 0 1 -0
    outer loop
      vertex 0.369552 0.5 -0.153073
      vertex -0.369552 0.5 0.153073
      vertex 0.369552 0.5 0.153073
    endloop
  endfacet
  facet normal 0 1 0
    outer loop
      vertex 0.369552 0.5 -0.153073
      vertex -0.369552 0.5 -0.153073
      vertex -0.369552 0.5 0.153073
    endloop
  endfacet
  facet normal 0 1 -0
    outer loop
      vertex 0.153073 0.5 -0.369552
      vertex -0.369552 0.5 -0.153073
      vertex 0.369552 0.5 -0.153073
    endloop
  endfacet
  facet normal 0 1 0
    outer loop
      vertex -0.369552 0.5 -0.153073
      vertex 0.153073 0.5 -0.369552
      vertex -0.153073 0.5 -0.369552
    endloop
  endfacet
  facet normal -0.6786 -0.281085 0.678596
    outer loop
      vertex -0.153073 0 0.369552
      vertex -0.261312 -0.261312 0.153073
      vertex -0.108239 -0.108239 0.369552
    endloop
  endfacet
  facet normal -0.678598 -0.281087 0.678598
    outer loop
      vertex -0.153073 0 0.369552
      vertex -0.369552 0 0.153073
      vertex -0.261312 -0.261312 0.153073
    endloop
  endfacet
  facet normal -0.281085 -0.6786 0.678596
    outer loop
      vertex -0.108239 -0.108239 0.369552
      vertex -0.261312 -0.261312 0.153073
      vertex 0 -0.153073 0.369552
    endloop
  endfacet
  facet normal -0.382687 -0.923878 0
    outer loop
      vertex -0.261312 -0.261312 -0.153073
      vertex 0 -0.369552 0.153073
      vertex -0.261312 -0.261312 0.153073
    endloop
  endfacet
  facet normal -0.382687 -0.923878 -0
    outer loop
      vertex 0 -0.369552 0.153073
      vertex -0.261312 -0.261312 -0.153073
      vertex 0 -0.369552 -0.153073
    endloop
  endfacet
  facet normal -0.678598 -0.281087 -0.678598
    outer loop
      vertex -0.261312 -0.261312 -0.153073
      vertex -0.369552 0 -0.153073
      vertex -0.153073 0 -0.369552
    endloop
  endfacet
  facet normal -0.923878 -0.382687 0
    outer loop
      vertex -0.261312 -0.261312 -0.153073
      vertex -0.369552 0 0.153073
      vertex -0.369552 0 -0.153073
    endloop
  endfacet
  facet normal -0.923878 -0.382687 0
    outer loop
      vertex -0.369552 0 0.153073
      vertex -0.261312 -0.261312 -0.153073
      vertex -0.261312 -0.261312 0.153073
    endloop
  endfacet
  facet normal -0.281087 -0.678598 0.678598
    outer loop
      vertex 0 -0.153073 0.369552
      vertex -0.261312 -0.261312 0.153073
      vertex 0 -0.369552 0.153073
    endloop
  endfacet
  facet normal -0.281087 -0.678598 -0.678598
    outer loop
      vertex 0 -0.369552 -0.153073
      vertex -0.261312 -0.261312 -0.153073
      vertex 0 -0.153073 -0.369552
    endloop
  endfacet
  facet normal -0.281085 -0.6786 -0.678596
    outer loop
      vertex 0 -0.153073 -0.369552
      vertex -0.261312 -0.261312 -0.153073
      vertex -0.108239 -0.108239 -0.369552
    endloop
  endfacet
  facet normal -0.6786 -0.281085 -0.678596
    outer loop
      vertex -0.108239 -0.108239 -0.369552
      vertex -0.261312 -0.261312 -0.153073
      vertex -0.153073 0 -0.369552
    endloop
  endfacet
endsolid OpenSCAD_Model
